percentLate,maxLateness,gatesNeeded
0,0,22
0,0.15,22
0,0.3,22
0,0.45,22
0,0.6,22
0,0.75,22
0,0.9,22
0,1.05,22
0,1.2,22
0,1.35,22
0,1.5,22
0,1.65,22
0,1.8,22
0,1.95,22
0,2.1,22
0,2.25,22
0,2.4,22
0,2.55,22
0,2.7,22
0,2.85,22
0,3,22
0,3.15,22
0,3.3,22
0,3.45,22
0,3.6,22
0,3.75,22
0,3.9,22
0,4.05,22
0,4.2,22
0,4.35,22
0,4.5,22
0,4.65,22
0,4.8,22
0,4.95,22
0,5.1,22
0,5.25,22
0,5.4,22
0,5.55,22
0,5.7,22
0,5.85,22
0.1,0,22
0.1,0.15,22
0.1,0.3,22
0.1,0.45,22
0.1,0.6,22
0.1,0.75,22
0.1,0.9,22
0.1,1.05,22
0.1,1.2,21
0.1,1.35,22
0.1,1.5,22
0.1,1.65,22
0.1,1.8,21
0.1,1.95,22
0.1,2.1,22
0.1,2.25,22
0.1,2.4,21
0.1,2.55,22
0.1,2.7,21
0.1,2.85,22
0.1,3,22
0.1,3.15,21
0.1,3.3,22
0.1,3.45,21
0.1,3.6,21
0.1,3.75,22
0.1,3.9,20
0.1,4.05,22
0.1,4.2,21
0.1,4.35,21
0.1,4.5,22
0.1,4.65,20
0.1,4.8,22
0.1,4.95,22
0.1,5.1,21
0.1,5.25,19
0.1,5.4,23
0.1,5.55,20
0.1,5.7,20
0.1,5.85,19
0.2,0,22
0.2,0.15,22
0.2,0.3,22
0.2,0.45,21
0.2,0.6,22
0.2,0.75,21
0.2,0.9,22
0.2,1.05,21
0.2,1.2,21
0.2,1.35,22
0.2,1.5,21
0.2,1.65,22
0.2,1.8,22
0.2,1.95,21
0.2,2.1,21
0.2,2.25,21
0.2,2.4,21
0.2,2.55,20
0.2,2.7,22
0.2,2.85,20
0.2,3,21
0.2,3.15,20
0.2,3.3,20
0.2,3.45,21
0.2,3.6,21
0.2,3.75,21
0.2,3.9,22
0.2,4.05,20
0.2,4.2,20
0.2,4.35,22
0.2,4.5,20
0.2,4.65,20
0.2,4.8,20
0.2,4.95,20
0.2,5.1,21
0.2,5.25,22
0.2,5.4,22
0.2,5.55,20
0.2,5.7,22
0.2,5.85,21
0.3,0,22
0.3,0.15,22
0.3,0.3,22
0.3,0.45,21
0.3,0.6,21
0.3,0.75,21
0.3,0.9,22
0.3,1.05,21
0.3,1.2,21
0.3,1.35,21
0.3,1.5,21
0.3,1.65,20
0.3,1.8,21
0.3,1.95,20
0.3,2.1,21
0.3,2.25,21
0.3,2.4,21
0.3,2.55,19
0.3,2.7,20
0.3,2.85,20
0.3,3,19
0.3,3.15,19
0.3,3.3,19
0.3,3.45,22
0.3,3.6,21
0.3,3.75,21
0.3,3.9,18
0.3,4.05,19
0.3,4.2,18
0.3,4.35,21
0.3,4.5,21
0.3,4.65,19
0.3,4.8,21
0.3,4.95,19
0.3,5.1,20
0.3,5.25,19
0.3,5.4,22
0.3,5.55,21
0.3,5.7,19
0.3,5.85,19
0.4,0,22
0.4,0.15,22
0.4,0.3,21
0.4,0.45,21
0.4,0.6,22
0.4,0.75,21
0.4,0.9,20
0.4,1.05,20
0.4,1.2,21
0.4,1.35,21
0.4,1.5,20
0.4,1.65,22
0.4,1.8,21
0.4,1.95,19
0.4,2.1,20
0.4,2.25,18
0.4,2.4,19
0.4,2.55,18
0.4,2.7,20
0.4,2.85,18
0.4,3,21
0.4,3.15,19
0.4,3.3,19
0.4,3.45,19
0.4,3.6,20
0.4,3.75,18
0.4,3.9,19
0.4,4.05,18
0.4,4.2,23
0.4,4.35,19
0.4,4.5,20
0.4,4.65,20
0.4,4.8,18
0.4,4.95,18
0.4,5.1,17
0.4,5.25,17
0.4,5.4,21
0.4,5.55,17
0.4,5.7,20
0.4,5.85,19
0.5,0,22
0.5,0.15,22
0.5,0.3,22
0.5,0.45,22
0.5,0.6,21
0.5,0.75,21
0.5,0.9,21
0.5,1.05,20
0.5,1.2,21
0.5,1.35,20
0.5,1.5,19
0.5,1.65,19
0.5,1.8,20
0.5,1.95,20
0.5,2.1,20
0.5,2.25,19
0.5,2.4,20
0.5,2.55,18
0.5,2.7,18
0.5,2.85,20
0.5,3,18
0.5,3.15,17
0.5,3.3,19
0.5,3.45,19
0.5,3.6,18
0.5,3.75,17
0.5,3.9,19
0.5,4.05,20
0.5,4.2,15
0.5,4.35,19
0.5,4.5,15
0.5,4.65,18
0.5,4.8,18
0.5,4.95,18
0.5,5.1,18
0.5,5.25,19
0.5,5.4,17
0.5,5.55,15
0.5,5.7,17
0.5,5.85,15
0.6,0,22
0.6,0.15,21
0.6,0.3,20
0.6,0.45,20
0.6,0.6,19
0.6,0.75,20
0.6,0.9,21
0.6,1.05,20
0.6,1.2,18
0.6,1.35,20
0.6,1.5,17
0.6,1.65,19
0.6,1.8,18
0.6,1.95,17
0.6,2.1,18
0.6,2.25,19
0.6,2.4,16
0.6,2.55,17
0.6,2.7,16
0.6,2.85,18
0.6,3,17
0.6,3.15,19
0.6,3.3,17
0.6,3.45,18
0.6,3.6,18
0.6,3.75,14
0.6,3.9,16
0.6,4.05,15
0.6,4.2,20
0.6,4.35,15
0.6,4.5,15
0.6,4.65,15
0.6,4.8,15
0.6,4.95,19
0.6,5.1,17
0.6,5.25,21
0.6,5.4,14
0.6,5.55,15
0.6,5.7,16
0.6,5.85,13
0.7,0,22
0.7,0.15,21
0.7,0.3,21
0.7,0.45,20
0.7,0.6,20
0.7,0.75,20
0.7,0.9,19
0.7,1.05,17
0.7,1.2,19
0.7,1.35,18
0.7,1.5,19
0.7,1.65,17
0.7,1.8,17
0.7,1.95,17
0.7,2.1,17
0.7,2.25,17
0.7,2.4,16
0.7,2.55,19
0.7,2.7,14
0.7,2.85,15
0.7,3,16
0.7,3.15,14
0.7,3.3,15
0.7,3.45,15
0.7,3.6,16
0.7,3.75,15
0.7,3.9,15
0.7,4.05,13
0.7,4.2,13
0.7,4.35,14
0.7,4.5,15
0.7,4.65,18
0.7,4.8,16
0.7,4.95,17
0.7,5.1,13
0.7,5.25,14
0.7,5.4,13
0.7,5.55,14
0.7,5.7,15
0.7,5.85,11
0.8,0,22
0.8,0.15,21
0.8,0.3,21
0.8,0.45,21
0.8,0.6,20
0.8,0.75,19
0.8,0.9,20
0.8,1.05,18
0.8,1.2,19
0.8,1.35,20
0.8,1.5,18
0.8,1.65,16
0.8,1.8,17
0.8,1.95,15
0.8,2.1,16
0.8,2.25,15
0.8,2.4,18
0.8,2.55,16
0.8,2.7,15
0.8,2.85,15
0.8,3,14
0.8,3.15,15
0.8,3.3,15
0.8,3.45,16
0.8,3.6,14
0.8,3.75,17
0.8,3.9,12
0.8,4.05,16
0.8,4.2,14
0.8,4.35,17
0.8,4.5,12
0.8,4.65,14
0.8,4.8,15
0.8,4.95,14
0.8,5.1,15
0.8,5.25,13
0.8,5.4,14
0.8,5.55,13
0.8,5.7,12
0.8,5.85,13
0.9,0,22
0.9,0.15,21
0.9,0.3,20
0.9,0.45,20
0.9,0.6,20
0.9,0.75,18
0.9,0.9,19
0.9,1.05,19
0.9,1.2,17
0.9,1.35,16
0.9,1.5,18
0.9,1.65,16
0.9,1.8,17
0.9,1.95,16
0.9,2.1,15
0.9,2.25,15
0.9,2.4,15
0.9,2.55,15
0.9,2.7,12
0.9,2.85,15
0.9,3,13
0.9,3.15,13
0.9,3.3,12
0.9,3.45,13
0.9,3.6,12
0.9,3.75,12
0.9,3.9,12
0.9,4.05,12
0.9,4.2,16
0.9,4.35,12
0.9,4.5,10
0.9,4.65,13
0.9,4.8,13
0.9,4.95,11
0.9,5.1,12
0.9,5.25,13
0.9,5.4,12
0.9,5.55,10
0.9,5.7,11
0.9,5.85,10
1,0,22
1,0.15,21
1,0.3,20
1,0.45,21
1,0.6,20
1,0.75,19
1,0.9,20
1,1.05,17
1,1.2,16
1,1.35,18
1,1.5,15
1,1.65,15
1,1.8,15
1,1.95,14
1,2.1,15
1,2.25,15
1,2.4,14
1,2.55,13
1,2.7,15
1,2.85,13
1,3,10
1,3.15,12
1,3.3,13
1,3.45,10
1,3.6,10
1,3.75,11
1,3.9,12
1,4.05,12
1,4.2,10
1,4.35,11
1,4.5,11
1,4.65,10
1,4.8,12
1,4.95,10
1,5.1,12
1,5.25,10
1,5.4,11
1,5.55,9
1,5.7,10
1,5.85,9
