percentLate,maxLateness,gatesNeeded
0,0,20
0,0.15,20
0,0.3,20
0,0.45,20
0,0.6,20
0,0.75,20
0,0.9,20
0,1.05,20
0,1.2,20
0,1.35,20
0,1.5,20
0,1.65,20
0,1.8,20
0,1.95,20
0,2.1,20
0,2.25,20
0,2.4,20
0,2.55,20
0,2.7,20
0,2.85,20
0,3,20
0,3.15,20
0,3.3,20
0,3.45,20
0,3.6,20
0,3.75,20
0,3.9,20
0,4.05,20
0,4.2,20
0,4.35,20
0,4.5,20
0,4.65,20
0,4.8,20
0,4.95,20
0,5.1,20
0,5.25,20
0,5.4,20
0,5.55,20
0,5.7,20
0,5.85,20
0.1,0,20
0.1,0.15,20
0.1,0.3,21
0.1,0.45,22
0.1,0.6,20
0.1,0.75,21
0.1,0.9,20
0.1,1.05,20
0.1,1.2,20
0.1,1.35,20
0.1,1.5,20
0.1,1.65,19
0.1,1.8,21
0.1,1.95,21
0.1,2.1,20
0.1,2.25,20
0.1,2.4,21
0.1,2.55,21
0.1,2.7,19
0.1,2.85,21
0.1,3,19
0.1,3.15,21
0.1,3.3,20
0.1,3.45,21
0.1,3.6,19
0.1,3.75,21
0.1,3.9,21
0.1,4.05,21
0.1,4.2,19
0.1,4.35,20
0.1,4.5,19
0.1,4.65,20
0.1,4.8,20
0.1,4.95,21
0.1,5.1,18
0.1,5.25,21
0.1,5.4,21
0.1,5.55,20
0.1,5.7,20
0.1,5.85,22
0.2,0,20
0.2,0.15,20
0.2,0.3,20
0.2,0.45,20
0.2,0.6,20
0.2,0.75,22
0.2,0.9,20
0.2,1.05,22
0.2,1.2,20
0.2,1.35,20
0.2,1.5,21
0.2,1.65,20
0.2,1.8,21
0.2,1.95,22
0.2,2.1,19
0.2,2.25,20
0.2,2.4,20
0.2,2.55,19
0.2,2.7,23
0.2,2.85,21
0.2,3,23
0.2,3.15,21
0.2,3.3,22
0.2,3.45,20
0.2,3.6,20
0.2,3.75,21
0.2,3.9,19
0.2,4.05,21
0.2,4.2,19
0.2,4.35,21
0.2,4.5,21
0.2,4.65,19
0.2,4.8,20
0.2,4.95,23
0.2,5.1,22
0.2,5.25,21
0.2,5.4,20
0.2,5.55,21
0.2,5.7,20
0.2,5.85,20
0.3,0,20
0.3,0.15,20
0.3,0.3,21
0.3,0.45,19
0.3,0.6,21
0.3,0.75,20
0.3,0.9,20
0.3,1.05,21
0.3,1.2,23
0.3,1.35,23
0.3,1.5,20
0.3,1.65,21
0.3,1.8,22
0.3,1.95,22
0.3,2.1,20
0.3,2.25,19
0.3,2.4,24
0.3,2.55,21
0.3,2.7,23
0.3,2.85,21
0.3,3,20
0.3,3.15,21
0.3,3.3,23
0.3,3.45,24
0.3,3.6,22
0.3,3.75,21
0.3,3.9,21
0.3,4.05,19
0.3,4.2,22
0.3,4.35,21
0.3,4.5,21
0.3,4.65,21
0.3,4.8,25
0.3,4.95,20
0.3,5.1,19
0.3,5.25,19
0.3,5.4,22
0.3,5.55,25
0.3,5.7,24
0.3,5.85,22
0.4,0,20
0.4,0.15,20
0.4,0.3,19
0.4,0.45,21
0.4,0.6,21
0.4,0.75,21
0.4,0.9,21
0.4,1.05,20
0.4,1.2,21
0.4,1.35,20
0.4,1.5,21
0.4,1.65,20
0.4,1.8,23
0.4,1.95,21
0.4,2.1,21
0.4,2.25,20
0.4,2.4,20
0.4,2.55,18
0.4,2.7,23
0.4,2.85,22
0.4,3,21
0.4,3.15,22
0.4,3.3,21
0.4,3.45,21
0.4,3.6,21
0.4,3.75,20
0.4,3.9,21
0.4,4.05,19
0.4,4.2,23
0.4,4.35,21
0.4,4.5,22
0.4,4.65,22
0.4,4.8,24
0.4,4.95,20
0.4,5.1,23
0.4,5.25,22
0.4,5.4,24
0.4,5.55,20
0.4,5.7,23
0.4,5.85,23
0.5,0,20
0.5,0.15,20
0.5,0.3,20
0.5,0.45,20
0.5,0.6,19
0.5,0.75,20
0.5,0.9,22
0.5,1.05,19
0.5,1.2,23
0.5,1.35,20
0.5,1.5,19
0.5,1.65,21
0.5,1.8,20
0.5,1.95,22
0.5,2.1,23
0.5,2.25,20
0.5,2.4,22
0.5,2.55,20
0.5,2.7,20
0.5,2.85,23
0.5,3,20
0.5,3.15,20
0.5,3.3,22
0.5,3.45,25
0.5,3.6,22
0.5,3.75,22
0.5,3.9,20
0.5,4.05,25
0.5,4.2,21
0.5,4.35,21
0.5,4.5,23
0.5,4.65,21
0.5,4.8,22
0.5,4.95,23
0.5,5.1,21
0.5,5.25,22
0.5,5.4,22
0.5,5.55,20
0.5,5.7,24
0.5,5.85,19
0.6,0,20
0.6,0.15,20
0.6,0.3,20
0.6,0.45,20
0.6,0.6,20
0.6,0.75,20
0.6,0.9,20
0.6,1.05,22
0.6,1.2,22
0.6,1.35,21
0.6,1.5,19
0.6,1.65,23
0.6,1.8,20
0.6,1.95,20
0.6,2.1,21
0.6,2.25,24
0.6,2.4,21
0.6,2.55,23
0.6,2.7,22
0.6,2.85,20
0.6,3,22
0.6,3.15,19
0.6,3.3,20
0.6,3.45,23
0.6,3.6,23
0.6,3.75,21
0.6,3.9,20
0.6,4.05,24
0.6,4.2,24
0.6,4.35,21
0.6,4.5,22
0.6,4.65,25
0.6,4.8,24
0.6,4.95,26
0.6,5.1,22
0.6,5.25,25
0.6,5.4,25
0.6,5.55,23
0.6,5.7,24
0.6,5.85,22
0.7,0,20
0.7,0.15,21
0.7,0.3,20
0.7,0.45,20
0.7,0.6,20
0.7,0.75,19
0.7,0.9,22
0.7,1.05,21
0.7,1.2,21
0.7,1.35,21
0.7,1.5,24
0.7,1.65,21
0.7,1.8,22
0.7,1.95,21
0.7,2.1,22
0.7,2.25,22
0.7,2.4,20
0.7,2.55,20
0.7,2.7,20
0.7,2.85,22
0.7,3,23
0.7,3.15,23
0.7,3.3,25
0.7,3.45,22
0.7,3.6,23
0.7,3.75,20
0.7,3.9,22
0.7,4.05,22
0.7,4.2,20
0.7,4.35,22
0.7,4.5,22
0.7,4.65,23
0.7,4.8,21
0.7,4.95,25
0.7,5.1,23
0.7,5.25,21
0.7,5.4,17
0.7,5.55,19
0.7,5.7,20
0.7,5.85,20
0.8,0,20
0.8,0.15,20
0.8,0.3,19
0.8,0.45,20
0.8,0.6,21
0.8,0.75,20
0.8,0.9,19
0.8,1.05,21
0.8,1.2,21
0.8,1.35,19
0.8,1.5,21
0.8,1.65,20
0.8,1.8,20
0.8,1.95,19
0.8,2.1,22
0.8,2.25,21
0.8,2.4,23
0.8,2.55,21
0.8,2.7,22
0.8,2.85,21
0.8,3,23
0.8,3.15,21
0.8,3.3,21
0.8,3.45,21
0.8,3.6,24
0.8,3.75,22
0.8,3.9,21
0.8,4.05,20
0.8,4.2,23
0.8,4.35,21
0.8,4.5,22
0.8,4.65,23
0.8,4.8,20
0.8,4.95,22
0.8,5.1,22
0.8,5.25,20
0.8,5.4,24
0.8,5.55,22
0.8,5.7,24
0.8,5.85,21
0.9,0,20
0.9,0.15,21
0.9,0.3,20
0.9,0.45,20
0.9,0.6,22
0.9,0.75,21
0.9,0.9,20
0.9,1.05,21
0.9,1.2,21
0.9,1.35,19
0.9,1.5,21
0.9,1.65,19
0.9,1.8,23
0.9,1.95,23
0.9,2.1,21
0.9,2.25,21
0.9,2.4,22
0.9,2.55,21
0.9,2.7,20
0.9,2.85,23
0.9,3,23
0.9,3.15,19
0.9,3.3,21
0.9,3.45,20
0.9,3.6,22
0.9,3.75,22
0.9,3.9,20
0.9,4.05,21
0.9,4.2,22
0.9,4.35,23
0.9,4.5,21
0.9,4.65,22
0.9,4.8,22
0.9,4.95,19
0.9,5.1,23
0.9,5.25,24
0.9,5.4,22
0.9,5.55,22
0.9,5.7,21
0.9,5.85,25
1,0,20
1,0.15,20
1,0.3,21
1,0.45,20
1,0.6,20
1,0.75,21
1,0.9,20
1,1.05,22
1,1.2,21
1,1.35,22
1,1.5,21
1,1.65,22
1,1.8,21
1,1.95,20
1,2.1,23
1,2.25,20
1,2.4,24
1,2.55,25
1,2.7,22
1,2.85,23
1,3,20
1,3.15,21
1,3.3,20
1,3.45,25
1,3.6,20
1,3.75,20
1,3.9,22
1,4.05,21
1,4.2,25
1,4.35,22
1,4.5,23
1,4.65,22
1,4.8,24
1,4.95,22
1,5.1,23
1,5.25,24
1,5.4,23
1,5.55,21
1,5.7,20
1,5.85,21
